5000
298152 4
203286 4
44492 4
148404 4
81669 4
282548 4
118549 4
301959 4
21152 4
173528 4
152056 4
238780 4
232450 4
232343 4
22694 4
21939 4
184353 4
261218 4
195336 4
15620 4
183573 4
108393 4
142657 4
11894 4
191575 4
176315 4
267474 4
170258 4
240866 4
205754 4
124454 4
268498 4
155808 4
143584 4
25444 4
298942 4
249751 4
261316 4
221862 4
219041 4
200612 4
238009 4
79338 4
201843 4
94969 4
190413 4
208734 4
211330 4
40828 4
41460 4
214707 4
249506 4
294723 4
149226 4
46972 4
214473 4
47554 4
26227 4
203131 4
43104 4
247591 4
219716 4
285258 4
37207 4
73095 4
39611 4
21969 4
76116 4
83057 4
207181 4
204864 4
243233 4
236589 4
133425 4
58932 4
119994 4
122320 4
301074 4
84651 4
124506 4
25056 4
69393 4
171191 4
266489 4
239109 4
78993 4
277837 4
75149 4
244065 4
119938 4
165641 4
128543 4
2974 4
252172 4
123561 4
80340 4
242317 4
75858 4
112936 4
130438 4
34068 4
161949 4
66530 4
252548 4
129389 4
33732 4
186439 4
218673 4
546 4
234237 4
247226 4
40677 4
38800 4
177352 4
234422 4
66679 4
36444 4
230179 4
212301 4
27467 4
170005 4
172116 4
246379 4
243304 4
122118 4
24769 4
28214 4
33654 4
259069 4
233800 4
248711 4
227027 4
172432 4
103913 4
57191 4
2476 4
87509 4
1137 4
150050 4
57693 4
224749 4
64947 4
284311 4
39278 4
160681 4
122756 4
108250 4
19040 4
192997 4
232913 4
290401 4
19123 4
253409 4
125559 4
21273 4
284980 4
300496 4
216093 4
217343 4
14748 4
206162 4
54145 4
244832 4
103070 4
111185 4
211703 4
56274 4
283765 4
183133 4
210740 4
90403 4
228878 4
137461 4
187292 4
243212 4
90523 4
266569 4
199273 4
269373 4
105147 4
215572 4
290074 4
190747 4
191291 4
150525 4
129114 4
92743 4
177631 4
76073 4
71782 4
165717 4
178701 4
154692 4
257797 4
32456 4
47065 4
200324 4
132528 4
21293 4
226364 4
93993 4
247889 4
223865 4
76435 4
55358 4
94903 4
159851 4
139007 4
300248 4
148735 4
190375 4
98368 4
30961 4
94591 4
299818 4
249005 4
123035 4
83564 4
278198 4
187005 4
28367 4
53067 4
69397 4
269348 4
201947 4
94747 4
76291 4
215623 4
299198 4
121698 4
253414 4
89653 4
75291 4
257613 4
189413 4
156563 4
286298 4
88305 4
88349 4
16651 4
39001 4
197872 4
137660 4
2461 4
14132 4
181992 4
203836 4
259950 4
189211 4
288604 4
258906 4
149782 4
212277 4
224822 4
9553 4
272562 4
103775 4
96712 4
286451 4
99169 4
224391 4
301206 4
89962 4
112304 4
96480 4
108417 4
231351 4
234305 4
98730 4
267827 4
268205 4
227691 4
124011 4
283608 4
292694 4
124619 4
231632 4
272899 4
141539 4
301874 4
161034 4
180619 4
87233 4
13878 4
273661 4
51902 4
286967 4
302942 4
17235 4
74038 4
220985 4
218583 4
69015 4
62282 4
98307 4
139075 4
183187 4
227576 4
152148 4
258879 4
225780 4
156632 4
131973 4
99134 4
284458 4
245142 4
53219 4
289240 4
137586 4
43138 4
45838 4
45379 4
146796 4
267895 4
55044 4
148639 4
302729 4
130163 4
757 4
239869 4
169700 4
152207 4
83332 4
121198 4
210634 4
253925 4
279691 4
197158 4
183644 4
216406 4
248509 4
266936 4
86013 4
251294 4
301538 4
180933 4
175842 4
293882 4
76752 4
288706 4
53585 4
151621 4
267658 4
253280 4
300885 4
76650 4
187212 4
117438 4
160280 4
255696 4
24521 4
92607 4
193205 4
101309 4
230065 4
272862 4
116721 4
203177 4
41043 4
107155 4
181673 4
119531 4
260046 4
180345 4
107039 4
281686 4
154542 4
227358 4
215305 4
233910 4
258043 4
68044 4
169158 4
137887 4
251004 4
165299 4
27167 4
223052 4
149556 4
187838 4
211903 4
193011 4
194248 4
147194 4
293000 4
22374 4
291529 4
68835 4
78330 4
165708 4
199731 4
197511 4
111125 4
273914 4
88997 4
212136 4
25625 4
269672 4
52493 4
104862 4
216879 4
116241 4
10767 4
294900 4
291918 4
42838 4
77096 4
30742 4
29382 4
48732 4
125579 4
120032 4
98476 4
11965 4
295103 4
187814 4
64616 4
163400 4
81287 4
44900 4
89674 4
171856 4
204252 4
27192 4
268317 4
68721 4
283402 4
44697 4
71965 4
23140 4
205900 4
165330 4
67419 4
27736 4
279072 4
251387 4
130267 4
244132 4
262585 4
65399 4
197440 4
267728 4
134505 4
184760 4
34631 4
182900 4
284513 4
192812 4
300266 4
178378 4
282464 4
176700 4
151235 4
196618 4
260050 4
119970 4
282417 4
289548 4
171121 4
243116 4
85562 4
153387 4
284504 4
155928 4
95194 4
210476 4
263092 4
82961 4
228410 4
116864 4
140720 4
38037 4
158016 4
184331 4
186713 4
47393 4
227538 4
55771 4
102261 4
292654 4
268832 4
65250 4
174502 4
141523 4
206761 4
160829 4
53898 4
32401 4
162633 4
235542 4
79913 4
94661 4
190169 4
239242 4
120595 4
82494 4
112784 4
268571 4
131591 4
128184 4
301795 4
197787 4
44108 4
49448 4
122378 4
183510 4
203868 4
181983 4
41914 4
289128 4
116924 4
43366 4
435 4
77297 4
151962 4
84130 4
170900 4
210402 4
73686 4
275737 4
55244 4
454 4
187074 4
82892 4
202998 4
174545 4
285824 4
189530 4
13422 4
112326 4
64172 4
35995 4
84543 4
300262 4
267257 4
95060 4
79666 4
213914 4
100236 4
245548 4
17502 4
133024 4
84645 4
298756 4
52992 4
291725 4
149427 4
18674 4
164420 4
234380 4
303613 4
123620 4
164813 4
279178 4
86264 4
228530 4
115487 4
209821 4
143443 4
181836 4
39750 4
103659 4
252405 4
153544 4
254365 4
171948 4
32283 4
60358 4
222326 4
8954 4
83485 4
208861 4
70885 4
293361 4
120816 4
110857 4
51003 4
227762 4
287581 4
82382 4
141641 4
279471 4
266398 4
67101 4
228483 4
5699 4
293620 4
92739 4
52954 4
18071 4
159808 4
33078 4
59221 4
94031 4
27917 4
197374 4
264990 4
4222 4
222703 4
240975 4
24245 4
240683 4
61585 4
96476 4
103099 4
194080 4
146648 4
182542 4
96943 4
180234 4
162512 4
91155 4
186242 4
257712 4
149505 4
45875 4
53183 4
113029 4
281815 4
243640 4
59683 4
12607 4
29709 4
167039 4
128452 4
15515 4
52731 4
260195 4
227807 4
243740 4
80861 4
303776 4
132111 4
30014 4
119607 4
38954 4
200784 4
273809 4
240318 4
84395 4
283921 4
36507 4
279509 4
290521 4
156490 4
224330 4
183135 4
149085 4
160121 4
60835 4
190540 4
15754 4
78880 4
107159 4
219525 4
196719 4
218184 4
209480 4
104419 4
76813 4
179642 4
6999 4
288925 4
233238 4
276168 4
68991 4
78646 4
166602 4
116453 4
179132 4
24517 4
292544 4
125509 4
227540 4
6654 4
301212 4
182140 4
271717 4
197529 4
38874 4
270303 4
64345 4
230177 4
227028 4
262823 4
191355 4
105173 4
148102 4
150272 4
298139 4
200524 4
121544 4
224883 4
170036 4
265919 4
289120 4
57204 4
254962 4
163622 4
216872 4
206514 4
121250 4
147873 4
170343 4
253705 4
232471 4
248920 4
32945 4
63530 4
225792 4
114776 4
278333 4
284206 4
184795 4
286475 4
107622 4
43682 4
271783 4
265446 4
77887 4
142439 4
257593 4
141521 4
88127 4
66874 4
205894 4
139443 4
34818 4
85650 4
93448 4
71048 4
265442 4
179267 4
147632 4
4352 4
136533 4
42862 4
210312 4
282088 4
203161 4
70221 4
80180 4
207499 4
31474 4
229098 4
221403 4
72425 4
191978 4
290501 4
74323 4
12715 4
225904 4
85038 4
210893 4
201162 4
18755 4
154024 4
181709 4
55710 4
241717 4
202179 4
61961 4
19572 4
109977 4
303188 4
110162 4
109776 4
122988 4
221883 4
253323 4
209651 4
174653 4
111693 4
135534 4
184767 4
225543 4
251847 4
206055 4
199218 4
39132 4
21021 4
79182 4
301106 4
187150 4
298112 4
262100 4
63770 4
98955 4
154820 4
61741 4
28651 4
72760 4
250256 4
107167 4
268537 4
61465 4
281453 4
8831 4
87944 4
187686 4
266637 4
75920 4
91050 4
68831 4
85449 4
33437 4
283199 4
148084 4
215778 4
194133 4
65401 4
190947 4
96084 4
214454 4
171432 4
80697 4
119782 4
200703 4
202661 4
12404 4
202496 4
281369 4
5077 4
280649 4
211268 4
149166 4
250937 4
205488 4
195295 4
150627 4
104508 4
281406 4
87673 4
7594 4
229233 4
62958 4
163348 4
113720 4
302504 4
186979 4
297496 4
145778 4
169210 4
31915 4
179358 4
36558 4
127239 4
293727 4
103970 4
280843 4
85985 4
242026 4
153718 4
115210 4
275824 4
295008 4
152642 4
216438 4
84613 4
223821 4
243892 4
126850 4
251422 4
211665 4
41233 4
154526 4
32261 4
222496 4
72536 4
170683 4
224451 4
127429 4
286473 4
278208 4
265907 4
89186 4
279185 4
22210 4
182482 4
264866 4
302128 4
201781 4
149018 4
259065 4
303689 4
94822 4
293838 4
21942 4
199833 4
181713 4
130866 4
84408 4
281367 4
258446 4
224523 4
255388 4
217325 4
24156 4
172893 4
52613 4
205685 4
148709 4
291978 4
210166 4
288180 4
130772 4
10089 4
95472 4
37507 4
6580 4
206324 4
126380 4
236711 4
303303 4
173370 4
301343 4
215887 4
258657 4
81600 4
148845 4
85694 4
295513 4
299523 4
142265 4
86934 4
3657 4
62960 4
278911 4
107560 4
140683 4
135344 4
220649 4
960 4
206239 4
260717 4
67980 4
80823 4
298357 4
237382 4
289264 4
109849 4
127370 4
137598 4
236131 4
220464 4
26478 4
114550 4
15788 4
132822 4
25237 4
103749 4
89248 4
300110 4
243945 4
125955 4
261925 4
191487 4
68626 4
85068 4
260875 4
122162 4
247969 4
216668 4
168976 4
180660 4
170859 4
101911 4
140298 4
43274 4
42989 4
184298 4
136338 4
282975 4
214918 4
257014 4
141573 4
265135 4
241066 4
103015 4
21744 4
248406 4
119493 4
225196 4
192177 4
3070 4
302950 4
208141 4
215433 4
243436 4
276848 4
94647 4
149265 4
186103 4
185980 4
65271 4
48982 4
2622 4
231437 4
147729 4
149208 4
37182 4
54147 4
113975 4
92450 4
203536 4
70684 4
235900 4
154172 4
256742 4
295372 4
188513 4
135602 4
149401 4
278153 4
54443 4
26478 4
292087 4
35744 4
56935 4
240687 4
168701 4
302774 4
208881 4
13660 4
299131 4
193122 4
227655 4
172410 4
81568 4
277750 4
286741 4
132640 4
175186 4
151090 4
66331 4
171626 4
281148 4
191998 4
61341 4
83426 4
214426 4
14808 4
46970 4
189195 4
217568 4
6783 4
256434 4
72823 4
207171 4
295795 4
219910 4
157435 4
258563 4
265419 4
229395 4
132793 4
256304 4
282617 4
75420 4
233571 4
159865 4
116445 4
218595 4
166358 4
84148 4
23087 4
227629 4
78841 4
78711 4
10114 4
281168 4
90618 4
228974 4
222179 4
35082 4
293681 4
84607 4
97041 4
95126 4
159078 4
175132 4
173769 4
44478 4
257919 4
119250 4
264617 4
220873 4
254041 4
75504 4
16689 4
18564 4
120195 4
116987 4
22803 4
275911 4
281858 4
228999 4
11093 4
122874 4
215201 4
206042 4
120767 4
166625 4
143205 4
17008 4
58798 4
141268 4
210523 4
87986 4
226309 4
294213 4
160267 4
301508 4
196396 4
66454 4
127947 4
199578 4
69706 4
218611 4
145514 4
141615 4
194403 4
41315 4
122027 4
84958 4
76460 4
185174 4
32968 4
250182 4
219813 4
190175 4
248460 4
64304 4
252566 4
111137 4
192352 4
149034 4
72181 4
228240 4
96844 4
167089 4
179152 4
11555 4
152941 4
133125 4
226648 4
55468 4
126494 4
156196 4
173146 4
145908 4
102189 4
241321 4
198261 4
256639 4
145633 4
144338 4
46907 4
76703 4
216911 4
13934 4
34963 4
119693 4
232401 4
205738 4
157917 4
161745 4
29640 4
151653 4
160770 4
221235 4
274686 4
47312 4
97919 4
81033 4
206909 4
125873 4
216605 4
252058 4
106502 4
68475 4
5134 4
80473 4
274247 4
275704 4
194655 4
131803 4
96968 4
85630 4
298745 4
240123 4
122089 4
64640 4
91110 4
70404 4
221306 4
278589 4
214387 4
34842 4
194886 4
28493 4
182826 4
186666 4
135606 4
189133 4
259467 4
214040 4
17997 4
42443 4
280221 4
273334 4
224431 4
301098 4
231318 4
300336 4
235616 4
185198 4
119883 4
106637 4
277058 4
17198 4
80843 4
57995 4
36831 4
64922 4
299672 4
35602 4
170827 4
184309 4
180184 4
80197 4
136107 4
113692 4
233032 4
189041 4
63170 4
277768 4
103822 4
271603 4
130327 4
91264 4
293038 4
101091 4
137288 4
299961 4
64857 4
195887 4
196916 4
224223 4
256341 4
81780 4
228790 4
60777 4
142163 4
197434 4
218215 4
240840 4
89353 4
196332 4
231956 4
97521 4
141076 4
85572 4
25745 4
202281 4
204896 4
133170 4
175751 4
279939 4
284267 4
153323 4
49208 4
27830 4
280087 4
227338 4
251945 4
144102 4
234491 4
85640 4
6044 4
49987 4
143750 4
260475 4
220466 4
108062 4
210223 4
237390 4
109206 4
226753 4
35643 4
114205 4
38192 4
190417 4
158295 4
17341 4
228507 4
7097 4
31937 4
182650 4
105356 4
129441 4
54411 4
119036 4
32950 4
141752 4
198244 4
71176 4
85946 4
70202 4
173046 4
53419 4
7835 4
210780 4
13608 4
18454 4
119266 4
166706 4
158741 4
274306 4
13527 4
5423 4
93176 4
242546 4
95453 4
58302 4
205515 4
122513 4
221461 4
210825 4
189560 4
125857 4
8408 4
246488 4
143281 4
43372 4
40044 4
72912 4
293668 4
233083 4
178049 4
81628 4
87698 4
277916 4
104217 4
207286 4
174657 4
233334 4
242636 4
27363 4
179256 4
23390 4
114462 4
175170 4
159175 4
240445 4
217183 4
213077 4
51608 4
183165 4
276332 4
161327 4
145284 4
168781 4
65023 4
182393 4
194010 4
166352 4
128640 4
292690 4
161452 4
133830 4
297261 4
135282 4
56751 4
226927 4
216573 4
47900 4
287210 4
298018 4
98361 4
265507 4
114571 4
239979 4
69233 4
300405 4
76842 4
261282 4
41197 4
81598 4
235469 4
250107 4
236744 4
77105 4
25453 4
13140 4
234200 4
88724 4
125921 4
155725 4
31972 4
128992 4
100679 4
9351 4
63088 4
285051 4
207425 4
280120 4
111884 4
292662 4
128242 4
271202 4
115659 4
28734 4
296656 4
34400 4
81570 4
39130 4
226188 4
22197 4
80384 4
49166 4
258131 4
229805 4
294162 4
257298 4
148137 4
86958 4
97709 4
138639 4
214694 4
94951 4
49532 4
38240 4
97489 4
66417 4
263458 4
75767 4
281886 4
78085 4
236303 4
99296 4
3836 4
210310 4
237497 4
236502 4
49245 4
164060 4
117794 4
63336 4
292708 4
274883 4
129726 4
249016 4
122720 4
72507 4
101347 4
107137 4
243738 4
264159 4
204872 4
78120 4
188915 4
28815 4
261865 4
194043 4
145648 4
256232 4
50870 4
13317 4
226184 4
260498 4
241137 4
158044 4
224006 4
184275 4
129029 4
206877 4
124800 4
159116 4
93235 4
82514 4
295601 4
196616 4
91331 4
134483 4
143560 4
208300 4
62648 4
121171 4
151894 4
134946 4
32451 4
110485 4
285381 4
22596 4
139404 4
90095 4
145835 4
185158 4
199002 4
154457 4
16658 4
197164 4
228370 4
226878 4
302418 4
97868 4
40385 4
194126 4
249130 4
23523 4
120502 4
263524 4
218383 4
278509 4
154522 4
150691 4
276581 4
121997 4
149251 4
1986 4
156954 4
280183 4
294834 4
58744 4
291848 4
271223 4
173330 4
92165 4
208425 4
173739 4
215272 4
251523 4
155597 4
126603 4
141802 4
183575 4
291861 4
126682 4
278488 4
293808 4
51826 4
226553 4
23208 4
216043 4
201771 4
254395 4
288558 4
193888 4
73203 4
265159 4
200504 4
114218 4
238651 4
298568 4
77623 4
152398 4
288050 4
141270 4
125498 4
70779 4
177622 4
106230 4
172768 4
13330 4
69370 4
60045 4
59662 4
104075 4
117601 4
152959 4
253805 4
163695 4
880 4
72116 4
57388 4
209616 4
243714 4
218930 4
161473 4
201632 4
211364 4
302893 4
188576 4
8868 4
135005 4
27159 4
240694 4
1691 4
229986 4
303576 4
179662 4
244244 4
59302 4
220361 4
72716 4
25989 4
228493 4
277026 4
187028 4
272856 4
248557 4
257167 4
92892 4
83344 4
125410 4
282476 4
29835 4
256553 4
9922 4
223257 4
106191 4
212111 4
195721 4
284006 4
298369 4
79131 4
133014 4
268193 4
247654 4
261157 4
238588 4
98823 4
42508 4
5981 4
121828 4
239769 4
148431 4
58706 4
72216 4
91607 4
147045 4
136065 4
271693 4
177856 4
51931 4
288462 4
23584 4
297120 4
173112 4
268000 4
291031 4
72125 4
268261 4
128055 4
144174 4
281059 4
226967 4
65504 4
142346 4
183951 4
299380 4
480 4
286033 4
136172 4
294822 4
162095 4
202284 4
184315 4
115342 4
211661 4
136115 4
202502 4
107436 4
267860 4
91992 4
105999 4
130942 4
160401 4
238142 4
5144 4
292341 4
185770 4
29679 4
139802 4
86480 4
112447 4
168017 4
190737 4
74109 4
116975 4
186917 4
63894 4
25164 4
301648 4
245317 4
257728 4
58598 4
124041 4
110759 4
220848 4
20472 4
270714 4
199761 4
33206 4
86496 4
170169 4
34021 4
208610 4
48482 4
299420 4
265456 4
137105 4
35836 4
54193 4
220509 4
132563 4
174617 4
103387 4
293381 4
172492 4
140631 4
282055 4
50593 4
250350 4
99239 4
62987 4
239305 4
194984 4
256834 4
109611 4
69892 4
239478 4
143942 4
259234 4
9550 4
285185 4
54196 4
282731 4
2638 4
27727 4
57453 4
120231 4
98765 4
155381 4
13911 4
173695 4
197484 4
49643 4
193480 4
230626 4
233114 4
216899 4
81624 4
75479 4
301755 4
139406 4
245796 4
278476 4
134499 4
215836 4
285218 4
177789 4
153341 4
50568 4
139550 4
273554 4
154124 4
192302 4
210873 4
296407 4
173351 4
51810 4
208407 4
257334 4
150419 4
154755 4
70894 4
52611 4
38195 4
67402 4
112796 4
87450 4
232276 4
151501 4
243874 4
301769 4
30226 4
193273 4
116255 4
98176 4
72353 4
93241 4
87902 4
10640 4
4242 4
268584 4
75668 4
19717 4
286792 4
271840 4
171061 4
163164 4
5147 4
92201 4
222553 4
195280 4
48413 4
22797 4
99245 4
6447 4
89570 4
142520 4
91903 4
296289 4
208399 4
150701 4
213953 4
127027 4
194155 4
257965 4
115466 4
160809 4
126968 4
262853 4
222142 4
86206 4
45260 4
50447 4
118334 4
157319 4
189409 4
63424 4
31217 4
98833 4
100390 4
155907 4
194486 4
137465 4
130394 4
284605 4
157395 4
208468 4
82502 4
39639 4
60204 4
49708 4
244923 4
52574 4
275110 4
291928 4
269542 4
192865 4
89875 4
268315 4
239311 4
63379 4
135921 4
243308 4
204234 4
73408 4
4911 4
187022 4
160733 4
52871 4
171004 4
48041 4
113186 4
214371 4
179248 4
241378 4
210047 4
115482 4
156636 4
217279 4
256335 4
278639 4
285321 4
102810 4
271165 4
134002 4
25520 4
160482 4
69835 4
67472 4
280752 4
292327 4
42273 4
281900 4
64569 4
19450 4
146543 4
144891 4
20145 4
255131 4
188987 4
22106 4
197133 4
2151 4
60267 4
204184 4
29806 4
120020 4
45383 4
179252 4
61345 4
87984 4
12350 4
258704 4
275604 4
234033 4
193860 4
273637 4
11594 4
44442 4
238468 4
282091 4
60223 4
84057 4
5612 4
106435 4
102205 4
86756 4
28431 4
137145 4
121718 4
137727 4
153494 4
2911 4
6874 4
138814 4
132390 4
212933 4
69749 4
159462 4
91118 4
153208 4
45419 4
87131 4
148308 4
37591 4
129449 4
184589 4
136807 4
99200 4
172786 4
226761 4
28352 4
59845 4
11834 4
19377 4
190379 4
97089 4
87501 4
276654 4
74652 4
17455 4
72465 4
226141 4
172753 4
285174 4
103168 4
167598 4
135873 4
245056 4
145179 4
176472 4
144250 4
96442 4
145990 4
69185 4
268543 4
55795 4
74093 4
82506 4
46669 4
134174 4
197341 4
6474 4
40817 4
90375 4
74357 4
224384 4
120713 4
133630 4
14110 4
229731 4
259776 4
83785 4
176680 4
72463 4
136465 4
136283 4
155994 4
204567 4
102284 4
289074 4
127021 4
157271 4
160928 4
72833 4
26475 4
281299 4
92715 4
73964 4
65187 4
166524 4
73038 4
142730 4
293359 4
13634 4
142924 4
49022 4
254850 4
266184 4
86412 4
186523 4
123145 4
70818 4
268381 4
145658 4
202845 4
239977 4
175886 4
151113 4
113793 4
186215 4
63997 4
3021 4
182957 4
268437 4
100079 4
50017 4
137131 4
160012 4
150215 4
252136 4
143008 4
58844 4
241448 4
265883 4
212152 4
237163 4
115287 4
153596 4
122316 4
137472 4
127553 4
286766 4
280283 4
201121 4
278759 4
247121 4
300150 4
226843 4
246082 4
222025 4
273275 4
273009 4
194063 4
19956 4
169083 4
77399 4
255523 4
38539 4
134448 4
210194 4
211817 4
242043 4
153895 4
8428 4
256468 4
130682 4
139679 4
208711 4
62927 4
178099 4
200301 4
299533 4
275264 4
238023 4
81311 4
128589 4
219570 4
182070 4
282912 4
192090 4
37763 4
219235 4
243239 4
291988 4
105818 4
299840 4
81892 4
255847 4
152541 4
128177 4
125888 4
101952 4
295720 4
168279 4
128407 4
134616 4
80471 4
134550 4
182586 4
179870 4
299118 4
83214 4
91563 4
72988 4
132784 4
131655 4
207397 4
29792 4
180325 4
37177 4
118708 4
296403 4
271709 4
57832 4
301462 4
302339 4
257300 4
139082 4
137075 4
258751 4
158277 4
6790 4
184787 4
110877 4
16317 4
235528 4
219886 4
115208 4
86777 4
247676 4
156043 4
27281 4
147071 4
5071 4
136155 4
99613 4
111112 4
290717 4
65315 4
62505 4
156765 4
168497 4
157281 4
145552 4
291400 4
117187 4
223195 4
27504 4
219227 4
70751 4
265103 4
175230 4
93197 4
87535 4
227742 4
126075 4
264447 4
301202 4
91728 4
130430 4
228495 4
195640 4
47885 4
106861 4
52517 4
175373 4
119855 4
72906 4
164026 4
238266 4
105830 4
9619 4
26139 4
63144 4
14593 4
242189 4
207529 4
108356 4
81254 4
185505 4
92575 4
141403 4
282328 4
271619 4
238998 4
147173 4
224504 4
43776 4
242689 4
19709 4
216367 4
248936 4
290136 4
80800 4
43267 4
280257 4
249657 4
143325 4
95939 4
243853 4
63503 4
72829 4
96904 4
95113 4
68305 4
114395 4
12222 4
271851 4
154005 4
56862 4
71533 4
199076 4
99601 4
215370 4
281061 4
149079 4
103274 4
107334 4
38961 4
83236 4
47474 4
22316 4
265930 4
218115 4
209109 4
173368 4
110170 4
98631 4
126285 4
179347 4
291103 4
267291 4
126614 4
78667 4
94918 4
214347 4
64577 4
72294 4
134134 4
193009 4
128939 4
31380 4
12466 4
31496 4
81411 4
57374 4
290374 4
124549 4
69980 4
56482 4
86436 4
229050 4
43100 4
296744 4
10165 4
99947 4
55227 4
253191 4
166819 4
89633 4
115821 4
148075 4
91852 4
222271 4
259545 4
243698 4
158142 4
261163 4
297277 4
247261 4
295841 4
15864 4
249920 4
232113 4
119632 4
238394 4
178115 4
282902 4
245982 4
127125 4
164835 4
138501 4
196728 4
272353 4
108112 4
241758 4
283664 4
101938 4
211293 4
90489 4
40236 4
165833 4
22696 4
143840 4
298379 4
49234 4
4729 4
39379 4
119227 4
113413 4
71545 4
68060 4
259901 4
99867 4
196042 4
191125 4
267744 4
198872 4
104544 4
128613 4
297474 4
191244 4
285276 4
237887 4
45375 4
250202 4
291025 4
250023 4
133849 4
1466 4
213680 4
229181 4
231161 4
176632 4
14991 4
2366 4
13444 4
1198 4
138657 4
268660 4
68438 4
280625 4
291256 4
215760 4
116632 4
42523 4
237567 4
230503 4
136688 4
101659 4
111791 4
212945 4
260398 4
17319 4
120105 4
205698 4
152703 4
135766 4
161759 4
105086 4
117158 4
92098 4
204527 4
240004 4
277661 4
191309 4
153893 4
192362 4
37275 4
245028 4
13880 4
97947 4
114475 4
171466 4
22169 4
27152 4
43417 4
55682 4
13013 4
191058 4
21354 4
163984 4
170544 4
4318 4
220111 4
145251 4
286207 4
35357 4
184359 4
128135 4
228687 4
15675 4
194115 4
267853 4
88655 4
124844 4
138841 4
286644 4
36453 4
112542 4
148248 4
48487 4
213592 4
184223 4
78825 4
123177 4
97487 4
174130 4
233466 4
65694 4
22892 4
247731 4
276873 4
180350 4
166825 4
89678 4
26886 4
281027 4
68397 4
1425 4
185695 4
72469 4
45754 4
172661 4
69170 4
35715 4
150506 4
37115 4
172172 4
187634 4
21017 4
103855 4
217577 4
296170 4
65868 4
243814 4
62574 4
252655 4
139067 4
106817 4
274948 4
231620 4
26752 4
4265 4
171485 4
253295 4
132469 4
81307 4
95124 4
28905 4
69099 4
164567 4
297869 4
263703 4
257659 4
238747 4
115665 4
227455 4
262513 4
39218 4
199638 4
156674 4
291894 4
255976 4
93869 4
80518 4
102620 4
176521 4
233755 4
261725 4
166318 4
241388 4
106891 4
92352 4
190233 4
122424 4
297517 4
119601 4
12210 4
272399 4
28252 4
63605 4
194928 4
296880 4
8018 4
301423 4
91449 4
272797 4
58588 4
136366 4
192863 4
175512 4
146342 4
141575 4
220615 4
290786 4
129893 4
76669 4
112901 4
284480 4
196671 4
35209 4
20806 4
160232 4
247167 4
19156 4
104091 4
189287 4
288910 4
277183 4
253583 4
17876 4
142355 4
62028 4
90064 4
172755 4
273233 4
286354 4
166006 4
123383 4
206518 4
207435 4
110888 4
90768 4
62109 4
195499 4
187598 4
300644 4
54407 4
155219 4
21539 4
113538 4
286495 4
39499 4
70066 4
273528 4
232011 4
97675 4
47678 4
63553 4
187482 4
119230 4
79506 4
26220 4
283506 4
134944 4
136908 4
42380 4
288698 4
259125 4
170707 4
209988 4
21247 4
50873 4
214988 4
137290 4
278447 4
23352 4
241115 4
250417 4
285792 4
20354 4
279203 4
68558 4
185180 4
28894 4
184683 4
300457 4
86588 4
42028 4
24024 4
238245 4
63016 4
42544 4
83344 4
226800 4
301468 4
27005 4
5811 4
135357 4
161753 4
39773 4
167474 4
46681 4
96135 4
149986 4
203710 4
102240 4
120489 4
123672 4
181766 4
174431 4
147536 4
241012 4
95489 4
158489 4
50232 4
82547 4
202016 4
296638 4
168464 4
55465 4
51439 4
196892 4
178209 4
3994 4
190919 4
224155 4
121514 4
62222 4
76265 4
29687 4
291605 4
217493 4
273354 4
204637 4
121507 4
282000 4
279411 4
223714 4
19258 4
9990 4
296132 4
80277 4
43253 4
76927 4
225782 4
63332 4
257350 4
196126 4
295619 4
102353 4
189621 4
168956 4
99986 4
235819 4
166877 4
28810 4
69312 4
273362 4
5231 4
114953 4
218076 4
279717 4
168749 4
290166 4
249985 4
84331 4
254689 4
187871 4
21247 4
91975 4
88970 4
254467 4
115544 4
223992 4
174754 4
29192 4
253397 4
250749 4
106696 4
225616 4
255495 4
175720 4
270217 4
200637 4
108308 4
231556 4
19597 4
259169 4
236084 4
235299 4
153279 4
136403 4
218801 4
127694 4
63982 4
286821 4
111258 4
157268 4
190945 4
298662 4
62087 4
247345 4
238559 4
55695 4
79877 4
25616 4
76585 4
110277 4
129292 4
207742 4
59859 4
58995 4
145171 4
197725 4
141309 4
101852 4
268732 4
260171 4
142843 4
303660 4
197406 4
51293 4
76983 4
177068 4
152800 4
116546 4
900 4
218008 4
15239 4
20910 4
154728 4
28892 4
263464 4
12545 4
193245 4
219791 4
3192 4
200397 4
15004 4
171511 4
188536 4
102818 4
287778 4
122964 4
166904 4
219433 4
146484 4
32892 4
10241 4
303424 4
36123 4
152080 4
121525 4
201849 4
21751 4
58076 4
144446 4
271048 4
47011 4
105645 4
128742 4
120936 4
240431 4
14650 4
279393 4
15604 4
93187 4
107643 4
39124 4
118656 4
188329 4
54214 4
200165 4
108775 4
57940 4
191696 4
231674 4
108484 4
136573 4
51030 4
254361 4
160635 4
203419 4
227673 4
41441 4
203340 4
51229 4
112490 4
293806 4
232560 4
237999 4
259648 4
133505 4
113417 4
64413 4
91585 4
74514 4
87940 4
298538 4
220755 4
293411 4
36157 4
156448 4
276714 4
109959 4
222304 4
115566 4
87687 4
258702 4
95363 4
211751 4
115418 4
13770 4
283196 4
182443 4
55371 4
198330 4
182023 4
85900 4
47587 4
112225 4
155698 4
9571 4
221768 4
41819 4
94273 4
174825 4
118792 4
291748 4
54979 4
148106 4
131121 4
28856 4
292634 4
244736 4
181251 4
134341 4
195970 4
191802 4
161171 4
278177 4
302810 4
150150 4
171961 4
189162 4
53591 4
20140 4
35257 4
177049 4
61594 4
220175 4
121025 4
202103 4
287878 4
72845 4
244614 4
203497 4
283536 4
264682 4
45540 4
192509 4
77063 4
190590 4
145151 4
220694 4
262668 4
42606 4
29148 4
122336 4
170018 4
180584 4
63278 4
289702 4
276482 4
260247 4
140282 4
298752 4
291629 4
160389 4
119620 4
283169 4
138991 4
9390 4
25025 4
86604 4
191105 4
300907 4
66059 4
192413 4
126411 4
199843 4
77368 4
59108 4
54316 4
196151 4
251745 4
57415 4
111439 4
45970 4
134757 4
47409 4
78795 4
52508 4
244263 4
140933 4
256409 4
121127 4
203560 4
50664 4
189125 4
216257 4
301842 4
167292 4
90528 4
105649 4
56127 4
30198 4
265264 4
224009 4
138780 4
270748 4
50093 4
295219 4
162991 4
110947 4
55109 4
118082 4
190358 4
260469 4
63 4
200212 4
62291 4
296096 4
240627 4
210979 4
173530 4
283789 4
144141 4
14356 4
136916 4
113891 4
146741 4
50633 4
80702 4
172681 4
277498 4
255971 4
278370 4
193664 4
199131 4
269236 4
57810 4
267358 4
296291 4
185137 4
263681 4
104776 4
265284 4
127216 4
126684 4
54816 4
12553 4
297568 4
292720 4
126738 4
220473 4
192160 4
270876 4
292390 4
200559 4
3824 4
30787 4
181163 4
124498 4
148853 4
148721 4
240041 4
138407 4
155556 4
49940 4
206522 4
149700 4
6844 4
244720 4
32996 4
256643 4
4326 4
295066 4
46164 4
284913 4
234378 4
178784 4
165992 4
189356 4
236391 4
6663 4
123480 4
45242 4
146699 4
134015 4
96059 4
181774 4
235796 4
299921 4
251912 4
124921 4
190657 4
241117 4
215965 4
103418 4
66760 4
284541 4
159838 4
31460 4
249287 4
297128 4
250283 4
156386 4
92476 4
277104 4
145729 4
20724 4
235072 4
149415 4
237333 4
18049 4
151712 4
255672 4
142020 4
229851 4
178455 4
111425 4
243464 4
30195 4
239127 4
70247 4
234665 4
27730 4
243580 4
100367 4
11971 4
293076 4
176087 4
148800 4
192529 4
73208 4
47224 4
294280 4
215513 4
67592 4
228477 4
13793 4
2174 4
178382 4
138905 4
293863 4
63255 4
131162 4
69163 4
159207 4
286352 4
275468 4
17286 4
185940 4
48684 4
301381 4
133978 4
100069 4
260319 4
205785 4
153712 4
63395 4
93037 4
33766 4
277514 4
264115 4
226481 4
296722 4
176596 4
95056 4
296852 4
220452 4
272604 4
211980 4
57306 4
114401 4
20112 4
122083 4
25544 4
79574 4
172319 4
213086 4
183111 4
274185 4
281904 4
34141 4
168996 4
196162 4
188227 4
21653 4
13069 4
65934 4
274611 4
62616 4
96833 4
258398 4
45575 4
266721 4
65069 4
5826 4
216640 4
284086 4
92888 4
154206 4
213050 4
50420 4
294534 4
259903 4
119359 4
244326 4
49734 4
267462 4
109524 4
174239 4
109514 4
153935 4
6938 4
97065 4
206759 4
249102 4
115994 4
255325 4
35592 4
256009 4
272783 4
121327 4
274605 4
63662 4
234003 4
231415 4
190886 4
281616 4
40923 4
115692 4
92970 4
297156 4
286628 4
57698 4
192431 4
182608 4
274346 4
269942 4
183179 4
91053 4
127477 4
302456 4
182037 4
109522 4
182500 4
215000 4
286165 4
7348 4
27395 4
46730 4
288303 4
168950 4
190783 4
100921 4
24554 4
71842 4
300441 4
138422 4
74451 4
81572 4
289347 4
263712 4
167816 4
250070 4
129933 4
225774 4
57900 4
200277 4
70171 4
191467 4
6441 4
223054 4
125055 4
201700 4
141685 4
288839 4
125988 4
36781 4
208853 4
165140 4
249632 4
271357 4
3830 4
287908 4
208443 4
128853 4
20770 4
253900 4
219658 4
47167 4
291934 4
227736 4
149336 4
127310 4
38997 4
268407 4
100117 4
57787 4
175072 4
134219 4
150870 4
168620 4
242769 4
1217 4
282967 4
158103 4
118004 4
176774 4
235107 4
169710 4
11693 4
53065 4
175139 4
25605 4
86465 4
197172 4
43737 4
257637 4
91621 4
128872 4
111105 4
64451 4
219064 4
134513 4
242582 4
45807 4
80088 4
175030 4
130145 4
251843 4
6773 4
263346 4
124694 4
229971 4
65717 4
143834 4
216578 4
62357 4
299196 4
282051 4
54830 4
131882 4
201508 4
98988 4
287269 4
205144 4
39332 4
135811 4
74023 4
133279 4
37474 4
233495 4
235626 4
232507 4
112003 4
222616 4
19323 4
274174 4
231534 4
203353 4
216567 4
76793 4
16510 4
127316 4
81753 4
10539 4
148416 4
16902 4
122581 4
213584 4
235164 4
120163 4
203175 4
15746 4
145094 4
22420 4
112380 4
174595 4
221727 4
57257 4
167405 4
126557 4
161200 4
62604 4
153416 4
223654 4
142154 4
39480 4
8852 4
165181 4
47013 4
289341 4
252344 4
89265 4
202361 4
102153 4
55200 4
140714 4
90778 4
126277 4
145535 4
87526 4
129162 4
169183 4
16941 4
172230 4
99644 4
113325 4
133910 4
186963 4
152729 4
179299 4
22305 4
144381 4
184630 4
260036 4
164939 4
237009 4
15148 4
95734 4
82208 4
185968 4
246765 4
118886 4
149077 4
75114 4
275499 4
88539 4
44682 4
269512 4
276997 4
298409 4
109433 4
156527 4
284726 4
126656 4
190554 4
52609 4
149895 4
113392 4
145083 4
171655 4
111606 4
260185 4
192478 4
180739 4
148478 4
146997 4
125986 4
237912 4
162381 4
210789 4
31606 4
243677 4
20719 4
3132 4
293891 4
297076 4
157754 4
37427 4
222027 4
134953 4
114504 4
60952 4
86840 4
121644 4
70157 4
94865 4
179522 4
71887 4
136789 4
141428 4
253179 4
136381 4
63540 4
9098 4
282789 4
151952 4
61498 4
41177 4
170491 4
101023 4
213726 4
27297 4
203952 4
158116 4
171640 4
64933 4
293812 4
218845 4
219138 4
163396 4
210137 4
294124 4
225090 4
206046 4
208252 4
115232 4
100591 4
187978 4
79898 4
261087 4
294649 4
2121 4
258 4
239048 4
189368 4
242183 4
298804 4
150068 4
252884 4
203080 4
243663 4
14771 4
189435 4
285983 4
116642 4
11632 4
26204 4
70753 4
165590 4
231538 4
184427 4
185878 4
175306 4
169315 4
193005 4
18129 4
116206 4
274732 4
273517 4
282583 4
199092 4
78974 4
281042 4
300623 4
242257 4
175774 4
148956 4
252895 4
36735 4
185474 4
14401 4
204912 4
181135 4
287678 4
144844 4
54373 4
173609 4
109064 4
72401 4
4289 4
133022 4
232115 4
239248 4
235291 4
70412 4
288900 4
293099 4
143209 4
224591 4
254778 4
225790 4
142971 4
208046 4
132109 4
22070 4
224441 4
256928 4
293026 4
275610 4
83025 4
247056 4
275783 4
119634 4
222699 4
220839 4
40665 4
198309 4
175655 4
219545 4
51919 4
159796 4
126450 4
47427 4
231145 4
187042 4
32275 4
253801 4
31046 4
76709 4
246287 4
194057 4
255475 4
69111 4
24333 4
5757 4
39435 4
126878 4
237126 4
6264 4
186403 4
11119 4
68970 4
256641 4
280501 4
297954 4
37048 4
217269 4
186162 4
286302 4
132497 4
221058 4
166071 4
244134 4
226896 4
147115 4
296002 4
12298 4
241141 4
17887 4
119016 4
171846 4
139192 4
145825 4
286971 4
290367 4
146743 4
22239 4
141859 4
109348 4
24672 4
89287 4
27581 4
58711 4
201490 4
172673 4
135280 4
78581 4
120605 4
236538 4
66924 4
47766 4
182317 4
57990 4
14779 4
229367 4
112664 4
142897 4
291258 4
218638 4
45687 4
238641 4
18631 4
233087 4
126514 4
104997 4
256209 4
303045 4
34101 4
109851 4
234752 4
190622 4
82333 4
149608 4
143703 4
210950 4
123933 4
185120 4
124060 4
141321 4
93955 4
88395 4
124490 4
263436 4
239745 4
203913 4
275772 4
192380 4
199068 4
67198 4
274465 4
253037 4
129172 4
36497 4
73977 4
188592 4
88434 4
205241 4
66893 4
252742 4
151958 4
288528 4
46282 4
135201 4
231880 4
36258 4
245418 4
257063 4
65423 4
26699 4
78044 4
187010 4
218617 4
44540 4
28195 4
166332 4
25341 4
218688 4
108035 4
92757 4
257079 4
13207 4
44123 4
169162 4
232139 4
216588 4
13767 4
86936 4
220745 4
274846 4
143246 4
275459 4
301373 4
215991 4
59933 4
268700 4
48598 4
241081 4
127078 4
253703 4
181838 4
189070 4
248628 4
177999 4
117810 4
301735 4
252204 4
167865 4
81322 4
296507 4
261369 4
211285 4
23441 4
208008 4
218441 4
263546 4
81924 4
238339 4
36192 4
109358 4
247098 4
267497 4
280760 4
239080 4
197531 4
155534 4
78815 4
233217 4
184508 4
175940 4
284855 4
167322 4
135378 4
153765 4
7049 4
95401 4
85769 4
233780 4
184118 4
4574 4
50397 4
55130 4
180835 4
73972 4
20651 4
236247 4
298502 4
225640 4
22142 4
226980 4
172572 4
163449 4
16755 4
81972 4
265990 4
210914 4
156104 4
230610 4
130406 4
4808 4
58381 4
251313 4
177021 4
195175 4
22915 4
252437 4
219843 4
16187 4
177271 4
301908 4
122732 4
83526 4
161077 4
288510 4
242014 4
76429 4
67004 4
166738 4
40644 4
159104 4
171567 4
284315 4
163463 4
278341 4
56414 4
170671 4
140148 4
276365 4
250090 4
125083 4
3791 4
175125 4
57721 4
121164 4
124091 4
107272 4
215553 4
97792 4
97769 4
48814 4
126781 4
172321 4
174174 4
266931 4
192918 4
241424 4
216565 4
175702 4
13375 4
128775 4
285887 4
262029 4
214536 4
273901 4
33875 4
269813 4
237807 4
90474 4
1725 4
180847 4
264198 4
66172 4
18075 4
132534 4
193962 4
228469 4
270931 4
93180 4
292755 4
188891 4
139580 4
216787 4
157080 4
296481 4
132933 4
169697 4
20087 4
69145 4
303635 4
140958 4
207015 4
158333 4
142303 4
146943 4
191627 4
27659 4
245333 4
261310 4
162762 4
118581 4
103661 4
68636 4
247289 4
251078 4
2583 4
181856 4
162211 4
120292 4
21753 4
266243 4
235359 4
133415 4
113260 4
120256 4
22577 4
257116 4
99409 4
31628 4
140233 4
192853 4
106478 4
274113 4
238489 4
171609 4
59133 4
190160 4
126129 4
70602 4
158737 4
265274 4
167628 4
259673 4
26024 4
136442 4
12678 4
190445 4
177221 4
183437 4
40688 4
44934 4
302245 4
189860 4
291952 4
161965 4
280407 4
289925 4
144400 4
56246 4
6737 4
189252 4
133470 4
106316 4
92662 4
106873 4
199900 4
112588 4
273468 4
224910 4
53593 4
114127 4
17062 4
264578 4
182998 4
132473 4
53109 4
245370 4
185043 4
87082 4
79101 4
146262 4
78107 4
15930 4
20379 4
73826 4
140803 4
188497 4
128788 4
270692 4
114282 4
36012 4
85751 4
148187 4
27688 4
283563 4
138563 4
55214 4
104471 4
223521 4
171464 4
235574 4
296628 4
156338 4
174453 4
240243 4
243521 4
292527 4
276911 4
181003 4
91173 4
176201 4
132829 4
291263 4
247778 4
301986 4
81989 4
106042 4
27743 4
263130 4
150535 4
240411 4
75578 4
210512 4
224597 4
59509 4
96765 4
13744 4
221870 4
236995 4
84014 4
13218 4
49501 4
21036 4
47160 4
89037 4
246971 4
163281 4
46820 4
249461 4
255670 4
51463 4
154036 4
284261 4
23649 4
102822 4
202727 4
83665 4
143260 4
89385 4
300358 4
120810 4
135471 4
178260 4
68368 4
256541 4
290337 4
262204 4
185930 4
216198 4
123261 4
239652 4
258137 4
90222 4
125417 4
156584 4
28294 4
173877 4
267021 4
178808 4
140780 4
122847 4
237218 4
113384 4
165694 4
34609 4
94961 4
201808 4
247417 4
176371 4
35612 4
37568 4
94023 4
205777 4
266023 4
118078 4
230119 4
256495 4
205484 4
91039 4
142489 4
33499 4
290981 4
36966 4
138680 4
235352 4
294817 4
182200 4
21548 4
139796 4
302183 4
222462 4
170820 4
119296 4
211480 4
57547 4
110730 4
273439 4
182727 4
66571 4
283523 4
129507 4
283934 4
184815 4
154432 4
245251 4
92452 4
206595 4
167781 4
238226 4
64286 4
15729 4
156374 4
231431 4
88159 4
39762 4
110008 4
265201 4
46986 4
202647 4
142076 4
84074 4
144038 4
99806 4
173426 4
125123 4
237577 4
87319 4
228026 4
36973 4
175571 4
262846 4
219231 4
82774 4
300195 4
280285 4
297527 4
117994 4
239849 4
184647 4
123992 4
103082 4
122863 4
137057 4
44200 4
194892 4
152552 4
201344 4
61825 4
98343 4
251829 4
164736 4
4372 4
254097 4
98769 4
85271 4
110332 4
59368 4
220369 4
58428 4
204714 4
203675 4
103314 4
292159 4
113498 4
140107 4
173807 4
282822 4
50677 4
70123 4
218395 4
291418 4
122517 4
174393 4
48508 4
166299 4
23913 4
272610 4
156779 4
205708 4
191970 4
95604 4
30068 4
292126 4
296720 4
116689 4
48898 4
270986 4
28514 4
135620 4
80624 4
208902 4
131741 4
56349 4
1497 4
32001 4
116359 4
167512 4
180645 4
92785 4
200169 4
303218 4
175790 4
260334 4
117535 4
182478 4
10839 4
56404 4
90889 4
113207 4
190171 4
76175 4
229389 4
262867 4
48668 4
241577 4
170898 4
283783 4
70334 4
287411 4
92067 4
226913 4
142032 4
74507 4
214734 4
88502 4
154595 4
237290 4
234510 4
67163 4
61793 4
128270 4
37562 4
84797 4
96963 4
167193 4
274272 4
198803 4
201949 4
143382 4
259051 4
124482 4
270291 4
80710 4
281836 4
278223 4
150541 4
225185 4
265730 4
154875 4
8684 4
253452 4
37620 4
10216 4
268141 4
114632 4
114185 4
111342 4
162752 4
110422 4
165475 4
65805 4
280048 4
231520 4
140101 4
113262 4
107939 4
75539 4
183162 4
211029 4
95985 4
91400 4
71468 4
297005 4
95282 4
84357 4
142314 4
104464 4
64684 4
80990 4
102765 4
103296 4
211753 4
150130 4
251521 4
80213 4
144946 4
267762 4
203316 4
257445 4
215838 4
186443 4
205890 4
126976 4
136702 4
123235 4
74911 4
45788 4
129798 4
120030 4
88799 4
11981 4
87528 4
215589 4
40742 4
262463 4
286811 4
106075 4
101631 4
39301 4
292930 4
43237 4
59853 4
256832 4
64877 4
71029 4
222773 4
174872 4
78368 4
106829 4
84072 4
107901 4
189591 4
183623 4
75924 4
232585 4
106318 4
200237 4
90131 4
121431 4
272466 4
204593 4
99532 4
80578 4
172323 4
166396 4
167622 4
229254 4
67655 4
81386 4
93266 4
46718 4
291886 4
19857 4
224521 4
160157 4
73376 4
251173 4
302528 4
232699 4
167789 4
236632 4
66237 4
134618 4
38752 4
25774 4
241920 4
133240 4
167787 4
204232 4
64339 4
202525 4
3874 4
80995 4
164509 4
106127 4
256061 4
85475 4
229545 4
120867 4
297255 4
246712 4
93964 4
24469 4
203320 4
132631 4
160833 4
125880 4
134377 4
283323 4
15922 4
297078 4
129276 4
28696 4
170979 4
241668 4
132988 4
73178 4
102693 4
37556 4
94194 4
208805 4
71478 4
161931 4
245007 4
257433 4
21019 4
37354 4
5439 4
121374 4
126051 4
217865 4
93592 4
138608 4
3340 4
210418 4
207233 4
72595 4
263272 4
230550 4
110598 4
220888 4
148835 4
124971 4
266233 4
174648 4
286626 4
212838 4
105253 4
297702 4
214428 4
70293 4
285333 4
257865 4
201332 4
217566 4
201403 4
2434 4
111393 4
148826 4
252503 4
30569 4
51420 4
258208 4
108724 4
139078 4
16513 4
262621 4
196295 4
12270 4
68821 4
226999 4
182983 4
255364 4
119044 4
250823 4
203030 4
217275 4
110285 4
192204 4
20101 4
102104 4
251581 4
89192 4
258479 4
58205 4
190377 4
115808 4
21577 4
113307 4
196011 4
35348 4
102041 4
131609 4
246904 4
121834 4
77661 4
199666 4
249891 4
90310 4
47802 4
109537 4
169181 4
185280 4
51740 4
6501 4
178276 4
270271 4
19698 4
131133 4
129783 4
132337 4
211962 4
203191 4
89336 4
221034 4
228032 4
173191 4
152499 4
115444 4
116792 4
109687 4
231491 4
115366 4
232893 4
74098 4
155969 4
118426 4
88239 4
215541 4
259723 4
190282 4
37151 4
263637 4
179004 4
141195 4
43553 4
79309 4
143030 4
123165 4
178844 4
149636 4
81770 4
206040 4
26763 4
269971 4
3158 4
166608 4
257421 4
174674 4
131647 4
10532 4
145500 4
243691 4
41894 4
80997 4
14463 4
51580 4
9156 4
63142 4
182437 4
157816 4
202543 4
50181 4
222422 4
83966 4
263255 4
260235 4
209425 4
242369 4
125171 4
145874 4
24359 4
174990 4
153877 4
107957 4
296757 4
290553 4
295718 4
280520 4
36626 4
118784 4
7686 4
116409 4
39099 4
69550 4
198523 4
292485 4
152018 4
223742 4
90808 4
101941 4
103383 4
54769 4
213720 4
179860 4
67806 4
115841 4
7082 4
270386 4
120553 4
138936 4
219739 4
204782 4
127040 4
117880 4
257144 4
187592 4
49329 4
57708 4
180694 4
38773 4
15298 4
268479 4
43950 4
195471 4
69958 4
170665 4
159899 4
251542 4
193209 4
270988 4
153381 4
148580 4
148282 4
91813 4
10590 4
231407 4
75323 4
9442 4
271823 4
53507 4
227522 4
232461 4
108217 4
293560 4
131083 4
202298 4
230398 4
131285 4
153232 4
198303 4
167808 4
253981 4
111586 4
261380 4
263125 4
158665 4
197146 4
189349 4
134612 4
14634 4
121101 4
235522 4
6927 4
132329 4
254244 4
249637 4
59536 4
86542 4
126423 4
297340 4
256308 4
159736 4
81679 4
171233 4
214799 4
264605 4
143892 4
32575 4
222220 4
54439 4
40604 4
113044 4
244293 4
222130 4
129522 4
23205 4
186246 4
46942 4
4131 4
66827 4
298907 4
235593 4
227322 4
294989 4
230085 4
38720 4
240338 4
139697 4
268610 4
50530 4
24330 4
2690 4
221597 4
181307 4
301432 4
161793 4
268485 4
238812 4
137856 4
221529 4
263396 4
192808 4
263734 4
299358 4
216293 4
170685 4
5009 4
270414 4
113899 4
266202 4
44709 4
127677 4
172335 4
106972 4
235250 4
46209 4
82070 4
80052 4
128921 4
8123 4
192134 4
232145 4
280318 4
65654 4
145373 4
101754 4
146985 4
123133 4
70071 4
219134 4
259121 4
109250 4
246103 4
167958 4
86278 4
119722 4
65061 4
287739 4
12818 4
248238 4
59681 4
294836 4
32687 4
53452 4
226163 4
130320 4
46713 4
201197 4
81217 4
134630 4
98981 4
286658 4
275404 4
50604 4
286999 4
208302 4
80461 4
174416 4
238529 4
247922 4
186449 4
291692 4
39696 4
265101 4
97450 4
49605 4
238935 4
7370 4
242516 4
122821 4
294839 4
90369 4
214077 4
238001 4
93294 4
255812 4
162946 4
263589 4
271904 4
225836 4
168145 4
180363 4
219126 4
73512 4
79041 4
21952 4
277141 4
3480 4
249119 4
129900 4
152967 4
250998 4
74679 4
209099 4
134522 4
301096 4
214960 4
171047 4
258627 4
122839 4
233637 4
38574 4
213942 4
165911 4
3266 4
203221 4
257081 4
231972 4
231419 4
33030 4
43790 4
245193 4
236381 4
111302 4
166052 4
62215 4
265640 4
252417 4
132824 4
142131 4
77930 4
268292 4
215458 4
141370 4
91701 4
279653 4
252409 4
218563 4
47317 4
88704 4
179048 4
261228 4
137594 4
129947 4
296450 4
84918 4
141070 4
119779 4
31066 4
69183 4
166224 4
289198 4
163749 4
117358 4
120779 4
166687 4
216865 4
65098 4
188766 4
138696 4
95289 4
179319 4
102493 4
37023 4
267718 4
140998 4
225223 4
233482 4
293850 4
139992 4
80314 4
19871 4
52722 4
81144 4
93151 4
210738 4
220277 4
282256 4
250285 4
147947 4
243886 4
190011 4
264752 4
289886 4
63901 4
275629 4
152461 4
17129 4
173042 4
134693 4
235956 4
133121 4
59664 4
103363 4
94924 4
298968 4
10476 4
262148 4
84114 4
162385 4
222181 4
34965 4
231096 4
77606 4
285812 4
29888 4
100893 4
154257 4
88325 4
8767 4
140198 4
268030 4
36891 4
32682 4
47091 4
125268 4
225003 4
65004 4
212192 4
161040 4
150665 4
44095 4
163271 4
128037 4
69243 4
76466 4
118250 4
265235 4
99937 4
188134 4
60123 4
98871 4
263238 4
83203 4
12956 4
236846 4
209362 4
203343 4
42058 4
221099 4
191081 4
261639 4
277132 4
213228 4
79030 4
181433 4
181514 4
12265 4
175714 4
260565 4
171957 4
147196 4
193318 4
96265 4
120074 4
57274 4
212087 4
185934 4
15852 4
56492 4
250530 4
118042 4
89387 4
125286 4
220665 4
294625 4
10593 4
89357 4
164908 4
302458 4
245477 4
230616 4
207959 4
121973 4
151168 4
239901 4
93727 4
158827 4
208906 4
72693 4
228423 4
109100 4
229518 4
101122 4
131819 4
287439 4
256157 4
69892 4
90361 4
253167 4
96669 4
208839 4
153778 4
141977 4
6098 4
17480 4
40785 4
298616 4
299018 4
177289 4
302206 4
249903 4
243667 4
236450 4
269321 4
293442 4
182423 4
28797 4
94226 4
34705 4
139346 4
3411 4
91227 4
119042 4
211379 4
176805 4
86795 4
72341 4
269868 4
210693 4
174746 4
136926 4
269444 4
153488 4
137531 4
50399 4
71600 4
231685 4
151659 4
300387 4
55046 4
113239 4
183080 4
126498 4
186475 4
269890 4
204078 4
303335 4
214410 4
251218 4
135177 4
242784 4
134099 4
127382 4
221344 4
256667 4
146864 4
98515 4
200701 4
207673 4
134988 4
298371 4
165138 4
157313 4
117279 4
24816 4
183811 4
89803 4
219246 4
221584 4
232288 4
183824 4
61015 4
289171 4
32332 4
136552 4
41973 4
50021 4
55493 4
35169 4
17392 4
267483 4
194570 4
224839 4
105647 4
129851 4
254729 4
115440 4
51173 4
202729 4
301881 4
25711 4
191449 4
156411 4
222739 4
246187 4
131764 4
225155 4
10829 4
189927 4
212758 4
200937 4
196270 4
187586 4
28238 4
220961 4
104864 4
195200 4
289658 4
82916 4
289329 4
9365 4
106078 4
56272 4
244574 4
60349 4
74579 4
102869 4
290899 4
84984 4
235373 4
242876 4
80423 4
68961 4
241338 4
277851 4
276489 4
49075 4
214285 4
152817 4
25943 4
66931 4
118192 4
226589 4
38235 4
47449 4
270530 4
75418 4
168723 4
172714 4
142756 4
231361 4
90451 4
57036 4
138047 4
88206 4
155707 4
64632 4
139617 4
56099 4
250415 4
289151 4
121843 4
79711 4
116191 4
211575 4
265417 4
244594 4
24021 4
277185 4
262298 4
42020 4
146364 4
136686 4
140735 4
145143 4
295479 4
113457 4
254638 4
277847 4
93751 4
202658 4
279623 4
54016 4
247792 4
157804 4
186193 4
149053 4
199250 4
182498 4
254508 4
268466 4
70592 4
241101 4
300698 4
106937 4
